 Kwest (-)xCaMg (mol/m3 de roche)W/Wcrit
  9.999999747378752E-006   9154.467      0.1148921    
  1.999999949475750E-005   6012.458      0.1749328    
  2.999999924213625E-005   4799.785      0.2191298    
  3.999999898951501E-005   4127.730      0.2548074    
  4.999999873689376E-005   3691.235      0.2849388    
  5.999999848427251E-005   3380.953      0.3110887    
  7.000000186963007E-005   3147.089      0.3342061    
  7.999999797903001E-005   2963.410      0.3549209    
  9.000000136438757E-005   2814.662      0.3736776    
  9.999999747378752E-005   2691.315      0.3908038    
  1.999999949475750E-004   2066.617      0.5089361    
  3.000000142492354E-004   1815.848      0.5792204    
  3.999999898951501E-004   1675.014      0.6279209    
  5.000000237487257E-004   1582.992      0.6644231    
  6.000000284984708E-004   1517.388      0.6931491    
  6.999999750405550E-004   1467.885      0.7165248    
  7.999999797903001E-004   1429.008      0.7360184    
  8.999999845400453E-004   1397.554      0.7525833    
  1.000000047497451E-003   1371.515      0.7668717    
  2.000000094994903E-003   1241.161      0.8474134    
  4.999999888241291E-003   1143.108      0.9201023    
  9.999999776482582E-003   1101.278      0.9550503    
  0.100000001490116        1056.081      0.9959239    
   1.00000000000000        1051.842      0.9999373    
